First few rows of the normalized data:
         RI        Na        Mg        Al        Si         K        Ca        Ba        Fe
0  0.870826  0.284287  1.251704 -0.690822 -1.124446 -0.670134 -0.145425 -0.352051 -0.585079
1 -0.248750  0.590433  0.634680 -0.170061  0.102080 -0.026152 -0.791877 -0.352051 -0.585079
2 -0.719631  0.149582  0.600016  0.190465  0.437760 -0.164148 -0.827010 -0.352051 -0.585079
3 -0.232286 -0.242285  0.697076 -0.310266 -0.052850  0.111844 -0.517838 -0.352051 -0.585079
4 -0.311315 -0.168810  0.648546 -0.410413  0.553957  0.081178 -0.623237 -0.352051 -0.585079

Covariance matrix using numpy.cov:
          0         1         2         3         4         5         6         7         8
0  0.995327 -0.190989 -0.121703 -0.405423 -0.539519 -0.288478  0.806616 -0.000384  0.142341
1 -0.190989  0.995327 -0.272453  0.156061 -0.069483 -0.264843 -0.274155  0.325077 -0.240219
2 -0.121703 -0.272453  0.995327 -0.479547 -0.165151  0.005370 -0.441676 -0.489962  0.082671
3 -0.405423  0.156061 -0.479547  0.995327 -0.005498  0.324435 -0.258379  0.477164 -0.074054
4 -0.539519 -0.069483 -0.165151 -0.005498  0.995327 -0.192427 -0.207757 -0.101674 -0.093761
5 -0.288478 -0.264843  0.005370  0.324435 -0.192427  0.995327 -0.316351 -0.042419 -0.007683
6  0.806616 -0.274155 -0.441676 -0.258379 -0.207757 -0.316351  0.995327 -0.112314  0.124384
7 -0.000384  0.325077 -0.489962  0.477164 -0.101674 -0.042419 -0.112314  0.995327 -0.058417
8  0.142341 -0.240219  0.082671 -0.074054 -0.093761 -0.007683  0.124384 -0.058417  0.995327

Variance of the projected data in the subspace spanned by the principal components:
1.4209256195497224

Reconstructed covariance matrix (UΛU^T):
          0         1         2         3         4         5         6         7         8
0  0.995327 -0.190989 -0.121703 -0.405423 -0.539519 -0.288478  0.806616 -0.000384  0.142341
1 -0.190989  0.995327 -0.272453  0.156061 -0.069483 -0.264843 -0.274155  0.325077 -0.240219
2 -0.121703 -0.272453  0.995327 -0.479547 -0.165151  0.005370 -0.441676 -0.489962  0.082671
3 -0.405423  0.156061 -0.479547  0.995327 -0.005498  0.324435 -0.258379  0.477164 -0.074054
4 -0.539519 -0.069483 -0.165151 -0.005498  0.995327 -0.192427 -0.207757 -0.101674 -0.093761
5 -0.288478 -0.264843  0.005370  0.324435 -0.192427  0.995327 -0.316351 -0.042419 -0.007683
6  0.806616 -0.274155 -0.441676 -0.258379 -0.207757 -0.316351  0.995327 -0.112314  0.124384
7 -0.000384  0.325077 -0.489962  0.477164 -0.101674 -0.042419 -0.112314  0.995327 -0.058417
8  0.142341 -0.240219  0.082671 -0.074054 -0.093761 -0.007683  0.124384 -0.058417  0.995327

Mean Squared Error of the projection onto the principal components:
0.4323902079353081

Sum of the remaining eigenvalues (except the first few):
0.43239020793530614